0100100100000000000000000000000000000000000000000
0000100100000110001000001000000000000000000000000
0001011011000000000100001101100000000000000000000
0001101011000000000100001101100000000000000000000
0110101000000000000000000000000000000000000000000
0000100100000110001000001000001000000000000000000
0001011111000000000100001101100000100000000000000
0001100111000000000100001101100000100000000000000
0001101001000000001000000000011000000000000010000
0000100100000110001000001000010000000000000000000
0001001000000100001000000000011000001010000011110
0001001000000100001000000000011000001010000011110
0000100100000001000001001100000000000000000000000
0000100100000110000010001000000000000000000000000
0000100100000100000100000010100000100000000000000
0001001101000000000100000000000000000000000000000
0010100000000000000000000000000111000000000000000
0010100010000000000000000000000110000000000000000
0001000101000001100000000000000000000000000000000
0001000101000001100000000000000000000000000000000
0000100100000101100001011100000000000000000000000
0000100100000101100001010011000000100000000000000
0000100100000001000001000010000000100000000000000
0000100000100000001000000000011001000000000000000
0000100010100000001000000000011000000000000000000
0010110010100000000000000000000101000000000000000
0011000010000000000000000000000000010000000000000
0000100100000110010000000000000001000000000000000
0010111000100100100000010000000101000000000000000
0010111010100000000000000000000100000000000000000
0000100100000001010000100000000001000000000000000
0000100100000110010000000000000000000000000000000
1000000000001000000000000000000000000000000000000
0011000010100000000000000000000101000000000000000
0000110100000000000000000000000000010000000000000
0001000000010000010000000000000001000000000000000
0001111111000101000001100000000000000000000111000
0011001010100000000000000000000101000000000000000
0000111000000000000000000000000000010000000000000
0001010010000000010000000000000000000000100000000
0011010000000000000000000000000111000000000000000
0001111100000000000000000000000000000000001111000
0001010111000100000000000000000000000000000111000
0001011000100000100000000000000000000000000000000
0011011000000000000000000000000111000000000000000
0000111010000000000000000000000000010000000000000
0001100001000000000100000000000000000000000000001
0000110010000000000000000000000000010000000000000
0011100000100000000000000000000101000000000000000
0001001000000100001000000000011000001010000011010
0000100100000001010000100000000001000000000000000
0000101110000000000000000000000000010000000000000
0011101000100000000000000000000101000000000000000
0000110000000000000000000000000000010000000000000
0001110110000001010000100000000000000000000000000
0001001000000100001000000000011000001010000011110
0001001000000100001000000000011000001010000011110
0001001000000100001000000000011000001010000011110
0001001000000100001000000000011000001010000011110
0001001011000100000000000000000000000000001111000
0001001000000100001000000000011000001010000011110
0001001000000100001000000000011000001010000011110
0000100100000100000000000000000000000001000001000
0001010000100000000000000000000000000000010000000
